{
  "camera_angle_x": 0.6325514525456221,
  "camera_angle_y": 1.045250903997836,
  "fl_x": 1650.0580603289234,
  "fl_y": 1666.512650667103,
  "k1": 0.10658060789332335,
  "k2": -0.17638938541155094,
  "k3": 0,
  "k4": 0,
  "p1": -0.003272694219007761,
  "p2": -0.002977227997458492,
  "is_fisheye": false,
  "cx": 534.2062629675344,
  "cy": 979.6275482162198,
  "w": 1080.0,
  "h": 1920.0,
  "aabb_scale": 32,
  "frames": [
    {
      "file_path": "./images/0004.jpg",
      "sharpness": 20.8054959472133,
      "transform_matrix": [
        [
          -0.329835401120151,
          -0.05824728824344438,
          0.9422398110820872,
          3.849487223181891
        ],
        [
          0.9351597544002125,
          0.11640668453261618,
          0.3345530115640901,
          1.3912407575272898
        ],
        [
          -0.12916981813999023,
          0.9914921770828238,
          0.016075474282335463,
          0.09766455030413923
        ],
        [
          0.0,
          0.0,
          0.0,
          1.0
        ]
      ]
    },
    {
      "file_path": "./images/0008.jpg",
      "sharpness": 20.353160641703223,
      "transform_matrix": [
        [
          -0.6901416146616459,
          0.047984155762969,
          0.7220817630405468,
          2.836594978352479
        ],
        [
          0.7139226266069384,
          -0.11810812995693608,
          0.6901919681197903,
          2.7518231287209085
        ],
        [
          0.1184020056133367,
          0.9918407081995675,
          0.04725436099533211,
          0.17855902474510665
        ],
        [
          0.0,
          0.0,
          0.0,
          1.0
        ]
      ]
    },
    {
      "file_path": "./images/0005.jpg",
      "sharpness": 22.213944334930705,
      "transform_matrix": [
        [
          -0.44502725026209783,
          -0.03572089161018459,
          0.8948043162806844,
          3.6068410023144026
        ],
        [
          0.8940269402013749,
          0.03989593655101919,
          0.44623328477516017,
          1.8065744028871118
        ],
        [
          -0.051638907026222404,
          0.9985651366623166,
          0.014180660487587062,
          0.07246193948345676
        ],
        [
          0.0,
          0.0,
          0.0,
          1.0
        ]
      ]
    },
    {
      "file_path": "./images/0009.jpg",
      "sharpness": 31.68848040789882,
      "transform_matrix": [
        [
          -0.7455767638741865,
          0.07343531067311236,
          0.6623613396968849,
          2.5934939532457766
        ],
        [
          0.6487661880296118,
          -0.14727115964074478,
          0.7466013921818934,
          2.9353993801467566
        ],
        [
          0.1523736277822131,
          0.9863662913402732,
          0.06215960804477979,
          0.22087191441270312
        ],
        [
          0.0,
          0.0,
          0.0,
          1.0
        ]
      ]
    },
    {
      "file_path": "./images/0011.jpg",
      "sharpness": 33.06886261743664,
      "transform_matrix": [
        [
          -0.8071560837169334,
          0.1039948913759506,
          0.5811059448106349,
          2.1947533582459364
        ],
        [
          0.5574224159182731,
          -0.18983948322107647,
          0.8082333950305041,
          3.15529416690338
        ],
        [
          0.1943689963821594,
          0.9762919815228773,
          0.09526101021762985,
          0.3418082214335304
        ],
        [
          0.0,
          0.0,
          0.0,
          1.0
        ]
      ]
    },
    {
      "file_path": "./images/0006.jpg",
      "sharpness": 39.46915054286382,
      "transform_matrix": [
        [
          -0.5372805222475916,
          -0.008253104042952479,
          0.8433632234659182,
          3.3153600988850123
        ],
        [
          0.8432396417366411,
          -0.024972950754843147,
          0.536957408306098,
          2.1051763852768772
        ],
        [
          0.016629702890675918,
          0.9996540591686736,
          0.020376824520019952,
          0.12454396477884254
        ],
        [
          0.0,
          0.0,
          0.0,
          1.0
        ]
      ]
    },
    {
      "file_path": "./images/0007.jpg",
      "sharpness": 38.4534410725093,
      "transform_matrix": [
        [
          -0.6335155262494705,
          0.019787283913407887,
          0.7734769171759425,
          3.074207567803647
        ],
        [
          0.7703124090164915,
          -0.07772495872429122,
          0.6329120186146421,
          2.349234198951401
        ],
        [
          0.07264207126622818,
          0.9967784579307191,
          0.03399757778970723,
          0.14895461746576863
        ],
        [
          0.0,
          0.0,
          0.0,
          1.0
        ]
      ]
    },
    {
      "file_path": "./images/0003.jpg",
      "sharpness": 39.15693765752763,
      "transform_matrix": [
        [
          -0.21758195494214497,
          -0.07270487485294322,
          0.9733304136129649,
          4.075070772644607
        ],
        [
          0.95729011892224,
          0.17863961105509182,
          0.22734009232045582,
          0.9299611804940036
        ],
        [
          -0.190404099477127,
          0.9812246891220009,
          0.030730902490729264,
          0.13151392064555917
        ],
        [
          0.0,
          0.0,
          0.0,
          1.0
        ]
      ]
    },
    {
      "file_path": "./images/0001.jpg",
      "sharpness": 61.428606267649094,
      "transform_matrix": [
        [
          -0.16373069208411,
          -0.0821524298780759,
          0.9830784499431363,
          4.091883098643935
        ],
        [
          0.963614115759389,
          0.20010985149406535,
          0.17721140833653545,
          0.7814503748475922
        ],
        [
          -0.2112820304220992,
          0.976323217796207,
          0.04639911659647548,
          0.18443652892402368
        ],
        [
          0.0,
          0.0,
          0.0,
          1.0
        ]
      ]
    },
    {
      "file_path": "./images/0002.jpg",
      "sharpness": 70.28591193839819,
      "transform_matrix": [
        [
          -0.17959488869140516,
          -0.08004641619127881,
          0.980478580703662,
          4.114506093798742
        ],
        [
          0.9618382930530767,
          0.19485648445198023,
          0.1920886474628402,
          0.7937191765208114
        ],
        [
          -0.20642861713681307,
          0.977559983699085,
          0.04199647967848379,
          0.16503069489902084
        ],
        [
          0.0,
          0.0,
          0.0,
          1.0
        ]
      ]
    },
    {
      "file_path": "./images/0010.jpg",
      "sharpness": 43.76993052706602,
      "transform_matrix": [
        [
          -0.7809019850589842,
          0.09192336207518205,
          0.6178528831716709,
          2.3394295501157454
        ],
        [
          0.5987030521834903,
          -0.1719918860006922,
          0.782287317075026,
          2.959719582692024
        ],
        [
          0.17817616294197136,
          0.9808001257456036,
          0.07927400775059949,
          0.32256501135722926
        ],
        [
          0.0,
          0.0,
          0.0,
          1.0
        ]
      ]
    }
  ]
}