{
  "camera_angle_x": 1.6316266081598993,
  "camera_angle_y": 1.0768185778803099,
  "fl_x": 903.3096914819945,
  "fl_y": 904.1146220896455,
  "k1": -0.0006951346026472416,
  "k2": -0.0022074727073696896,
  "k3": 0,
  "k4": 0,
  "p1": -0.00018190630274219532,
  "p2": -0.00015686925639183075,
  "is_fisheye": false,
  "cx": 959.5738541657016,
  "cy": 544.0907729519863,
  "w": 1920.0,
  "h": 1080.0,
  "aabb_scale": 32,
  "frames": [
    {
      "file_path": "./images/0017.jpg",
      "sharpness": 12.149535584098677,
      "transform_matrix": [
        [
          -0.3743669016421884,
          -0.23918126253674754,
          0.8959027551102706,
          1.9003885152748996
        ],
        [
          0.9268102369568076,
          -0.06574311877914323,
          0.3697304788698202,
          0.09220227635002898
        ],
        [
          -0.02953316149062369,
          0.9687466985711838,
          0.2462876902889536,
          0.27530537202226946
        ],
        [
          0.0,
          0.0,
          0.0,
          1.0
        ]
      ]
    },
    {
      "file_path": "./images/0029.jpg",
      "sharpness": 22.077849048077614,
      "transform_matrix": [
        [
          -0.8487024431104917,
          0.2577790116920098,
          0.46179448264069983,
          0.559699000354983
        ],
        [
          0.5145082972150914,
          0.20032760861542268,
          0.8337565959698925,
          0.9187061037911604
        ],
        [
          0.12241476692160545,
          0.9452083528859253,
          -0.3026479712178367,
          0.3791418972279829
        ],
        [
          0.0,
          0.0,
          0.0,
          1.0
        ]
      ]
    },
    {
      "file_path": "./images/0028.jpg",
      "sharpness": 26.113435849053204,
      "transform_matrix": [
        [
          -0.8848945507001814,
          0.1872013353814809,
          0.426517636423785,
          0.3919364402156774
        ],
        [
          0.4523939029587021,
          0.12737200652845432,
          0.8826755511051368,
          0.9976097704881126
        ],
        [
          0.11091163470439498,
          0.974028763431692,
          -0.19739953724108625,
          0.3656844338546655
        ],
        [
          0.0,
          0.0,
          0.0,
          1.0
        ]
      ]
    },
    {
      "file_path": "./images/0018.jpg",
      "sharpness": 17.360479332365824,
      "transform_matrix": [
        [
          -0.7087484250609467,
          -0.1655217470648308,
          0.6857683437067152,
          0.42646372376162206
        ],
        [
          0.7048486543650238,
          -0.20665268653814,
          0.678589007858537,
          0.9303577333522339
        ],
        [
          0.029394632450068008,
          0.964311784851218,
          0.263132546805314,
          0.35325312737125314
        ],
        [
          0.0,
          0.0,
          0.0,
          1.0
        ]
      ]
    },
    {
      "file_path": "./images/0031.jpg",
      "sharpness": 18.370944227728252,
      "transform_matrix": [
        [
          -0.4286795925142839,
          0.28469866135389466,
          0.8574266611163346,
          2.0492841762626006
        ],
        [
          0.9009274379720312,
          0.06374465796795009,
          0.4292625887376515,
          -0.12316299568634459
        ],
        [
          0.06755411513745456,
          0.9564953166701354,
          -0.2838188695702945,
          0.2554037474444552
        ],
        [
          0.0,
          0.0,
          0.0,
          1.0
        ]
      ]
    },
    {
      "file_path": "./images/0030.jpg",
      "sharpness": 20.410346093616045,
      "transform_matrix": [
        [
          -0.7540563842522316,
          0.32329980347902176,
          0.5717308863852769,
          0.7355978654305451
        ],
        [
          0.6452616465398494,
          0.20212990965194708,
          0.7367366606385398,
          0.8129535801523321
        ],
        [
          0.12262290518994715,
          0.9244569955938123,
          -0.3610303123402609,
          0.39289381878136903
        ],
        [
          0.0,
          0.0,
          0.0,
          1.0
        ]
      ]
    },
    {
      "file_path": "./images/0032.jpg",
      "sharpness": 13.948293179316867,
      "transform_matrix": [
        [
          -0.07846573999479887,
          -0.0052587911953915914,
          0.9969029404963403,
          3.1361688533577925
        ],
        [
          0.9969095606409614,
          0.003399842983316102,
          0.07848419567265225,
          -0.6407636267437201
        ],
        [
          -0.0038020454644743977,
          0.9999803929032404,
          0.004975768024548363,
          0.3896375740509974
        ],
        [
          0.0,
          0.0,
          0.0,
          1.0
        ]
      ]
    },
    {
      "file_path": "./images/0019.jpg",
      "sharpness": 21.58991701817559,
      "transform_matrix": [
        [
          -0.8592874512827352,
          -0.06790902777655691,
          0.5069649297757014,
          0.29325528488901537
        ],
        [
          0.5052548740105175,
          -0.26701645889682935,
          0.820621546735682,
          1.1292632439170518
        ],
        [
          0.07964036892227304,
          0.961296299083773,
          0.26375525968941876,
          0.32091193479172314
        ],
        [
          0.0,
          0.0,
          0.0,
          1.0
        ]
      ]
    },
    {
      "file_path": "./images/0027.jpg",
      "sharpness": 31.144970526074676,
      "transform_matrix": [
        [
          -0.9038550639000322,
          0.13037157890942103,
          0.40749144148429806,
          0.3484594022321734
        ],
        [
          0.4155483747843433,
          0.04086231108439327,
          0.9086527498153418,
          1.0341388338148638
        ],
        [
          0.10181145162765406,
          0.9906227954946154,
          -0.09110930453016593,
          0.33873084816870513
        ],
        [
          0.0,
          0.0,
          0.0,
          1.0
        ]
      ]
    },
    {
      "file_path": "./images/0016.jpg",
      "sharpness": 31.373209386670972,
      "transform_matrix": [
        [
          -0.012164292362246306,
          -0.21731408622159357,
          0.9760259309716202,
          3.4598423094845834
        ],
        [
          0.9979072650942923,
          0.05935517723476463,
          0.025652547778124698,
          -0.04701675774937772
        ],
        [
          -0.06350685209820561,
          0.9742954125280092,
          0.21613729171875898,
          0.1766151701650981
        ],
        [
          0.0,
          0.0,
          0.0,
          1.0
        ]
      ]
    },
    {
      "file_path": "./images/0020.jpg",
      "sharpness": 36.65999974554357,
      "transform_matrix": [
        [
          -0.8957222863789772,
          -0.034519432083625526,
          0.4432719193685287,
          0.32464195802342055
        ],
        [
          0.43390178036567645,
          -0.2853969714954146,
          0.8545629372122283,
          1.2262519408943662
        ],
        [
          0.09700943606445658,
          0.9577875429745868,
          0.2706144708718057,
          0.264191779988055
        ],
        [
          0.0,
          0.0,
          0.0,
          1.0
        ]
      ]
    },
    {
      "file_path": "./images/0022.jpg",
      "sharpness": 34.70554199753752,
      "transform_matrix": [
        [
          -0.9070169970119034,
          0.011680635922652099,
          0.4209319777398355,
          0.35025878391862153
        ],
        [
          0.40399103145174853,
          -0.25785578946415755,
          0.8776682963092705,
          1.153715414177391
        ],
        [
          0.11879147126085739,
          0.9661128063491287,
          0.22916071166750923,
          0.25636439732762323
        ],
        [
          0.0,
          0.0,
          0.0,
          1.0
        ]
      ]
    },
    {
      "file_path": "./images/0026.jpg",
      "sharpness": 37.84741173972555,
      "transform_matrix": [
        [
          -0.9080409498096862,
          0.09876344489822546,
          0.4070717571001159,
          0.3162930436929451
        ],
        [
          0.406128169981121,
          -0.03039484284639662,
          0.9133104965323553,
          1.0176747567915758
        ],
        [
          0.10257457298350879,
          0.9946466385044658,
          -0.01251085516998941,
          0.32805284655171546
        ],
        [
          0.0,
          0.0,
          0.0,
          1.0
        ]
      ]
    },
    {
      "file_path": "./images/0001.jpg",
      "sharpness": 49.908871043513194,
      "transform_matrix": [
        [
          0.001656501692097897,
          0.038459994528772815,
          0.9992587677028453,
          7.015056894357358
        ],
        [
          0.9983544075638938,
          0.05721537717318541,
          -0.0038571378930383456,
          0.36268306339955036
        ],
        [
          -0.05732131278999372,
          0.9976207843884473,
          -0.03830192768358219,
          -0.1130067710022403
        ],
        [
          0.0,
          0.0,
          0.0,
          1.0
        ]
      ]
    },
    {
      "file_path": "./images/0025.jpg",
      "sharpness": 35.16035522496077,
      "transform_matrix": [
        [
          -0.9065497039638433,
          0.0802437359088645,
          0.4144014685042445,
          0.3476129002043371
        ],
        [
          0.4082390934443009,
          -0.08283578499571746,
          0.9091089457859094,
          1.06806917354518
        ],
        [
          0.10727756910495793,
          0.9933273254972577,
          0.0423361263634616,
          0.32040231705206035
        ],
        [
          0.0,
          0.0,
          0.0,
          1.0
        ]
      ]
    },
    {
      "file_path": "./images/0023.jpg",
      "sharpness": 35.63344907386476,
      "transform_matrix": [
        [
          -0.9069179720038313,
          0.042392302899327564,
          0.4191690407453384,
          0.3506300528646356
        ],
        [
          0.40400470958037454,
          -0.1946916962298149,
          0.8937982647421531,
          1.1110903413597075
        ],
        [
          0.11949889831957698,
          0.9799479762119017,
          0.15944270828944365,
          0.30587282813207917
        ],
        [
          0.0,
          0.0,
          0.0,
          1.0
        ]
      ]
    },
    {
      "file_path": "./images/0021.jpg",
      "sharpness": 38.15325661189051,
      "transform_matrix": [
        [
          -0.9046826594938082,
          -0.019823031798374642,
          0.4256246386542359,
          0.34116269867066207
        ],
        [
          0.41247286354607554,
          -0.29122730362936294,
          0.8631644075487128,
          1.2415839373011097
        ],
        [
          0.10684298037543166,
          0.9564484853030433,
          0.27164475425466345,
          0.2526195546699869
        ],
        [
          0.0,
          0.0,
          0.0,
          1.0
        ]
      ]
    },
    {
      "file_path": "./images/0014.jpg",
      "sharpness": 37.827064592606256,
      "transform_matrix": [
        [
          0.16737966981181363,
          -0.14729298598906473,
          0.9748275859966885,
          5.8860054657733745
        ],
        [
          0.9824156295920186,
          0.10788637168121845,
          -0.15238130311435508,
          -0.6132381525792227
        ],
        [
          -0.08272591412332558,
          0.9831913888413792,
          0.16276091683413232,
          -0.04940316192479031
        ],
        [
          0.0,
          0.0,
          0.0,
          1.0
        ]
      ]
    },
    {
      "file_path": "./images/0003.jpg",
      "sharpness": 48.156970820634925,
      "transform_matrix": [
        [
          0.008911985119974217,
          0.02064487341204725,
          0.999747150899186,
          6.957619808410304
        ],
        [
          0.9985584206063698,
          0.05273776613873541,
          -0.00999042836203743,
          0.3238932496004154
        ],
        [
          -0.052930682570854676,
          0.998394970556514,
          -0.020145114000863273,
          -0.11230241198335296
        ],
        [
          0.0,
          0.0,
          0.0,
          1.0
        ]
      ]
    },
    {
      "file_path": "./images/0024.jpg",
      "sharpness": 40.95396092141653,
      "transform_matrix": [
        [
          -0.9065266240062216,
          0.06534133184576477,
          0.41706113500123887,
          0.3849902316492517
        ],
        [
          0.4066537264916414,
          -0.1300450488613084,
          0.9042792887140398,
          1.108001453122892
        ],
        [
          0.11332354876450507,
          0.9893527154797739,
          0.09131800302395893,
          0.3078805392320336
        ],
        [
          0.0,
          0.0,
          0.0,
          1.0
        ]
      ]
    },
    {
      "file_path": "./images/0013.jpg",
      "sharpness": 42.94593169032389,
      "transform_matrix": [
        [
          0.06983292404917962,
          -0.11250387599612145,
          0.9911943505754102,
          6.564675881508446
        ],
        [
          0.9957203384028838,
          0.06815622660087814,
          -0.06241583506151005,
          -0.23379796339115036
        ],
        [
          -0.060534043395373396,
          0.9913110544472904,
          0.11678194607419191,
          -0.2507978702605853
        ],
        [
          0.0,
          0.0,
          0.0,
          1.0
        ]
      ]
    },
    {
      "file_path": "./images/0002.jpg",
      "sharpness": 57.90249083595197,
      "transform_matrix": [
        [
          0.009841427873478848,
          0.029276973238630613,
          0.9995228887541363,
          6.979577192589525
        ],
        [
          0.998475205002883,
          0.05400931610953505,
          -0.011413096331850591,
          0.33720304673369805
        ],
        [
          -0.05431768857331528,
          0.9981111424182232,
          -0.02870080306731774,
          -0.11599518904106518
        ],
        [
          0.0,
          0.0,
          0.0,
          1.0
        ]
      ]
    },
    {
      "file_path": "./images/0015.jpg",
      "sharpness": 37.128502087261886,
      "transform_matrix": [
        [
          0.18527887473492763,
          -0.1753153805290607,
          0.9669210184575199,
          4.355580037552194
        ],
        [
          0.9794553601484525,
          0.11266631109140762,
          -0.16725280213368315,
          -0.1108014864735608
        ],
        [
          -0.07961743561573727,
          0.978044385344011,
          0.19258827651520538,
          0.06428442607970163
        ],
        [
          0.0,
          0.0,
          0.0,
          1.0
        ]
      ]
    },
    {
      "file_path": "./images/0007.jpg",
      "sharpness": 48.482461884161495,
      "transform_matrix": [
        [
          -0.01795621466160405,
          -0.012152363321183583,
          0.9997649195829759,
          6.870500966139649
        ],
        [
          0.9981705002842683,
          0.05752126653530825,
          0.018626761889197367,
          0.2572732526662942
        ],
        [
          -0.05773410358995807,
          0.9982703160817334,
          0.011097266366426654,
          -0.1048167892621984
        ],
        [
          0.0,
          0.0,
          0.0,
          1.0
        ]
      ]
    },
    {
      "file_path": "./images/0006.jpg",
      "sharpness": 53.00414585395721,
      "transform_matrix": [
        [
          -0.01570819844045019,
          0.002993240605164611,
          0.9998721383359239,
          6.888889247776028
        ],
        [
          0.9985269873305962,
          0.05198682565307126,
          0.0155314368636463,
          0.26913632930835063
        ],
        [
          -0.0519336892035564,
          0.9986432849006909,
          -0.0038054508974781683,
          -0.10553290632380036
        ],
        [
          0.0,
          0.0,
          0.0,
          1.0
        ]
      ]
    },
    {
      "file_path": "./images/0005.jpg",
      "sharpness": 55.33148599429776,
      "transform_matrix": [
        [
          -0.00945311662611303,
          0.0073823381484623704,
          0.9999280672516063,
          6.92437281589047
        ],
        [
          0.9986800923071681,
          0.050555348334116484,
          0.009068075000326574,
          0.29515234694988873
        ],
        [
          -0.05048476815295678,
          0.998693976073915,
          -0.007850499747425318,
          -0.10751413048700562
        ],
        [
          0.0,
          0.0,
          0.0,
          1.0
        ]
      ]
    },
    {
      "file_path": "./images/0009.jpg",
      "sharpness": 41.7937562689364,
      "transform_matrix": [
        [
          -0.01909143031710843,
          -0.044246681691390934,
          0.9988381993374931,
          6.636626323777359
        ],
        [
          0.9973602399412799,
          0.06915892422728584,
          0.022126793352100757,
          0.12312084731151222
        ],
        [
          -0.07005761252560191,
          0.9966239382871808,
          0.042809538285639666,
          -0.14173574353716686
        ],
        [
          0.0,
          0.0,
          0.0,
          1.0
        ]
      ]
    },
    {
      "file_path": "./images/0008.jpg",
      "sharpness": 46.98115880934592,
      "transform_matrix": [
        [
          -0.01253206150846821,
          -0.0304118508912241,
          0.9994588869822191,
          6.716864762599777
        ],
        [
          0.9976162039765095,
          0.06745275616953489,
          0.014561430172960186,
          0.1443634022800348
        ],
        [
          -0.06785909664826936,
          0.9972588656003674,
          0.02949403315277028,
          -0.10818563429929497
        ],
        [
          0.0,
          0.0,
          0.0,
          1.0
        ]
      ]
    },
    {
      "file_path": "./images/0004.jpg",
      "sharpness": 61.73992566670656,
      "transform_matrix": [
        [
          0.0010981326615447482,
          0.014567784739415952,
          0.999893281185778,
          6.934308150494719
        ],
        [
          0.9986741272749717,
          0.051444908818660776,
          -0.001846312070616411,
          0.3040083777535492
        ],
        [
          -0.051466315355800436,
          0.9985695774519031,
          -0.014491976376321943,
          -0.1101949951752475
        ],
        [
          0.0,
          0.0,
          0.0,
          1.0
        ]
      ]
    },
    {
      "file_path": "./images/0011.jpg",
      "sharpness": 50.229469513385055,
      "transform_matrix": [
        [
          -0.0018401932801928645,
          -0.07734891521098507,
          0.9970023866633385,
          6.7391873243280696
        ],
        [
          0.9989166850334624,
          0.04621665554450966,
          0.005429282833577066,
          0.05585455438135469
        ],
        [
          -0.046498065019024336,
          0.9959323099859796,
          0.07718007439452558,
          -0.19605176158625037
        ],
        [
          0.0,
          0.0,
          0.0,
          1.0
        ]
      ]
    },
    {
      "file_path": "./images/0033.jpg",
      "sharpness": 16.68232634010449,
      "transform_matrix": [
        [
          0.09817227481289283,
          -0.04109410178688099,
          0.9943206119076529,
          4.40550146439078
        ],
        [
          0.9942281358820153,
          0.04749677141357251,
          -0.09620015865844049,
          -1.4068816456114979
        ],
        [
          -0.04327375970375729,
          0.9980257168588706,
          0.04551977831125486,
          0.5078773234348272
        ],
        [
          0.0,
          0.0,
          0.0,
          1.0
        ]
      ]
    },
    {
      "file_path": "./images/0010.jpg",
      "sharpness": 54.950149966057865,
      "transform_matrix": [
        [
          -0.011906013377059118,
          -0.059025082341699675,
          0.99818549704353,
          6.596777851565602
        ],
        [
          0.998211805065639,
          0.05777888917859749,
          0.01532293029858498,
          0.11611403103798851
        ],
        [
          -0.05857848643595147,
          0.9965829818072749,
          0.058231617760984,
          -0.16754723993609463
        ],
        [
          0.0,
          0.0,
          0.0,
          1.0
        ]
      ]
    },
    {
      "file_path": "./images/0012.jpg",
      "sharpness": 60.78551740149396,
      "transform_matrix": [
        [
          0.006661484505978991,
          -0.09686859155413119,
          0.9952748869546109,
          6.8180447022554045
        ],
        [
          0.9991121224102166,
          0.04205039352574361,
          -0.00259446667574314,
          -0.033376515602428415
        ],
        [
          -0.041600378330018006,
          0.9944084876863716,
          0.09706270214747843,
          -0.2609930032486009
        ],
        [
          0.0,
          0.0,
          0.0,
          1.0
        ]
      ]
    },
    {
      "file_path": "./images/0035.jpg",
      "sharpness": 33.99960306756291,
      "transform_matrix": [
        [
          0.15589340421828038,
          -0.028223941212412586,
          0.9873705766690094,
          4.800969982734684
        ],
        [
          0.9860048969719178,
          0.0642430378576392,
          -0.1538413963608907,
          -1.4564619640984586
        ],
        [
          -0.05908967480954098,
          0.9975350827100227,
          0.03784401011623756,
          0.40680821289146263
        ],
        [
          0.0,
          0.0,
          0.0,
          1.0
        ]
      ]
    },
    {
      "file_path": "./images/0034.jpg",
      "sharpness": 44.60004193577923,
      "transform_matrix": [
        [
          0.14774839952606927,
          -0.021085901051330718,
          0.988800179622939,
          4.962270266355992
        ],
        [
          0.9876371462488942,
          0.05609104135942525,
          -0.14637849032082836,
          -1.580863263965967
        ],
        [
          -0.052376309408489224,
          0.9982029752831384,
          0.029112580729028444,
          0.381609529578964
        ],
        [
          0.0,
          0.0,
          0.0,
          1.0
        ]
      ]
    }
  ]
}